{
  "advancedEditorSelectedIdentifier" : "ProjectBrowser",
  "openSceneRelativePaths" : [
    "Scene.usda",
    "Moon.usda"
  ],
  "recentIdentifiers" : {
    "BAEF57E7-2578-4B6B-AF24-EAC76D4C3ABD" : [

    ]
  },
  "sceneCameraHistory" : {
    "90C576A0-F90A-43B8-9998-14918A66F863" : [
      {
        "date" : 735813391.95272005,
        "title" : "Untitled",
        "transform" : [
          0.97354108095169067,
          4.0520578004077379e-09,
          0.22851189970970154,
          0,
          0.10334257781505585,
          0.89189547300338745,
          -0.44027575850486755,
          0,
          -0.2038087397813797,
          0.45224153995513916,
          0.86829692125320435,
          0,
          -0.48423832654953003,
          0.95433574914932251,
          1.9917920827865601,
          1
        ]
      },
      {
        "date" : 735813378.14840698,
        "title" : "Untitled",
        "transform" : [
          1,
          0,
          0,
          0,
          0,
          0.86535227298736572,
          -0.50116407871246338,
          0,
          0,
          0.50116407871246338,
          0.86535227298736572,
          0,
          -0.0081609487533569336,
          1.0657789707183838,
          1.9941259622573853,
          1
        ]
      }
    ],
    "BAEF57E7-2578-4B6B-AF24-EAC76D4C3ABD" : [
      {
        "date" : 736331907.06368804,
        "title" : "Untitled",
        "transform" : [
          -0.99997806549072266,
          6.5600982424030008e-09,
          -0.0066231843084096909,
          0,
          -0.00024101430608425289,
          0.99933773279190063,
          0.036389682441949844,
          0,
          0.006618797779083252,
          0.036390479654073715,
          -0.99931573867797852,
          0,
          -0.43052569031715393,
          0.26207137107849121,
          -0.15309356153011322,
          1
        ]
      },
      {
        "date" : 736331748.32940698,
        "title" : "Untitled",
        "transform" : [
          0.32890552282333374,
          -3.5915457274882101e-09,
          -0.94436287879943848,
          0,
          -0.051096584647893906,
          0.99853515625,
          -0.01779608242213726,
          0,
          0.94297957420349121,
          0.054106947034597397,
          0.32842373847961426,
          0,
          -0.43052569031715393,
          0.26207137107849121,
          -0.15309356153011322,
          1
        ]
      },
      {
        "date" : 736331735.561571,
        "title" : "Untitled",
        "transform" : [
          0.32890552282333374,
          -3.5915457274882101e-09,
          -0.94436287879943848,
          0,
          -0.051096584647893906,
          0.99853515625,
          -0.01779608242213726,
          0,
          0.94297957420349121,
          0.054106947034597397,
          0.32842373847961426,
          0,
          -0.42761915922164917,
          0.012437514029443264,
          -0.12031356990337372,
          1
        ]
      },
      {
        "date" : 736331729.67796504,
        "title" : "Untitled",
        "transform" : [
          0.32890552282333374,
          -3.5915457274882101e-09,
          -0.94436287879943848,
          0,
          -0.051096584647893906,
          0.99853515625,
          -0.01779608242213726,
          0,
          0.94297957420349121,
          0.054106947034597397,
          0.32842373847961426,
          0,
          1.4677696228027344,
          0.12119247019290924,
          0.53981804847717285,
          1
        ]
      },
      {
        "date" : 736331728.02826798,
        "title" : "Untitled",
        "transform" : [
          0.32890564203262329,
          -1.9830134756482209e-10,
          -0.94436275959014893,
          0,
          -0.051096577197313309,
          0.99853515625,
          -0.017796076834201813,
          0,
          0.94297951459884644,
          0.054106943309307098,
          0.32842385768890381,
          0,
          -0.24729436635971069,
          -0.084138751029968262,
          0.22170183062553406,
          1
        ]
      },
      {
        "date" : 736331724.91087198,
        "title" : "Untitled",
        "transform" : [
          0.31374627351760864,
          -1.1047052339563379e-06,
          -0.94950693845748901,
          0,
          -0.17400868237018585,
          0.98306405544281006,
          -0.057498957961797714,
          0,
          0.9334261417388916,
          0.18326251208782196,
          0.30843245983123779,
          0,
          -0.24729436635971069,
          -0.084138751029968262,
          0.22170183062553406,
          1
        ]
      },
      {
        "date" : 736331720.49380195,
        "title" : "Untitled",
        "transform" : [
          0.31374627351760864,
          -1.1047052339563379e-06,
          -0.94950693845748901,
          0,
          -0.17400868237018585,
          0.98306405544281006,
          -0.057498957961797714,
          0,
          0.9334261417388916,
          0.18326251208782196,
          0.30843245983123779,
          0,
          0.46677663922309875,
          0.056057065725326538,
          0.45765265822410583,
          1
        ]
      },
      {
        "date" : 736331708.92526603,
        "title" : "Untitled",
        "transform" : [
          -0.18179233372211456,
          -1.2285896744401725e-09,
          0.98333698511123657,
          0,
          0.16597743332386017,
          0.98565208911895752,
          0.030684724450111389,
          0,
          -0.96922808885574341,
          0.16878999769687653,
          -0.17918397486209869,
          0,
          0.47401747107505798,
          0.065021254122257233,
          0.44755357503890991,
          1
        ]
      },
      {
        "date" : 736331705.22819197,
        "title" : "Untitled",
        "transform" : [
          -0.18179233372211456,
          -1.2285896744401725e-09,
          0.98333698511123657,
          0,
          0.16597743332386017,
          0.98565208911895752,
          0.030684724450111389,
          0,
          -0.96922808885574341,
          0.16878999769687653,
          -0.17918397486209869,
          0,
          0.40617150068283081,
          0.076836556196212769,
          0.43501070141792297,
          1
        ]
      },
      {
        "date" : 736331700.39495504,
        "title" : "Untitled",
        "transform" : [
          -0.91608321666717529,
          -3.8524574641485287e-09,
          0.40098828077316284,
          0,
          0.10252479463815689,
          0.96676135063171387,
          0.23422442376613617,
          0,
          -0.38765996694564819,
          0.25568029284477234,
          -0.88563382625579834,
          0,
          0.43342456221580505,
          0.076836556196212769,
          0.42133501172065735,
          1
        ]
      }
    ]
  },
  "selectedSceneRelativePath" : "Moon.usda"
}