{
  "advancedEditorSelectedIdentifier" : "ProjectBrowser",
  "openSceneRelativePaths" : [
    "Scene.usda",
    "Moon.usda"
  ],
  "recentIdentifiers" : {
    "BAEF57E7-2578-4B6B-AF24-EAC76D4C3ABD" : [

    ]
  },
  "sceneCameraHistory" : {
    "90C576A0-F90A-43B8-9998-14918A66F863" : [
      {
        "date" : 735813391.95272005,
        "title" : "Untitled",
        "transform" : [
          0.97354108095169067,
          4.0520578004077379e-09,
          0.22851189970970154,
          0,
          0.10334257781505585,
          0.89189547300338745,
          -0.44027575850486755,
          0,
          -0.2038087397813797,
          0.45224153995513916,
          0.86829692125320435,
          0,
          -0.48423832654953003,
          0.95433574914932251,
          1.9917920827865601,
          1
        ]
      },
      {
        "date" : 735813378.14840698,
        "title" : "Untitled",
        "transform" : [
          1,
          0,
          0,
          0,
          0,
          0.86535227298736572,
          -0.50116407871246338,
          0,
          0,
          0.50116407871246338,
          0.86535227298736572,
          0,
          -0.0081609487533569336,
          1.0657789707183838,
          1.9941259622573853,
          1
        ]
      }
    ],
    "BAEF57E7-2578-4B6B-AF24-EAC76D4C3ABD" : [
      {
        "date" : 735815874.869982,
        "title" : "Untitled",
        "transform" : [
          -0.79414558410644531,
          2.5094529232383422e-10,
          0.60772758722305298,
          0,
          0.27360266447067261,
          0.8929247260093689,
          0.3575291633605957,
          0,
          -0.54265499114990234,
          0.45020610094070435,
          -0.70911204814910889,
          0,
          -2.5134873390197754,
          2.2963380813598633,
          -3.2753753662109375,
          1
        ]
      },
      {
        "date" : 735815873.85608602,
        "title" : "Untitled",
        "transform" : [
          -0.79414558410644531,
          2.5094529232383422e-10,
          0.60772758722305298,
          0,
          0.27360266447067261,
          0.8929247260093689,
          0.3575291633605957,
          0,
          -0.54265499114990234,
          0.45020610094070435,
          -0.70911204814910889,
          0,
          -2.5134873390197754,
          2.2963380813598633,
          -3.2753753662109375,
          1
        ]
      },
      {
        "date" : 735815866.24037004,
        "title" : "Untitled",
        "transform" : [
          -0.79414558410644531,
          2.5094529232383422e-10,
          0.60772758722305298,
          0,
          0.27360266447067261,
          0.8929247260093689,
          0.3575291633605957,
          0,
          -0.54265499114990234,
          0.45020610094070435,
          -0.70911204814910889,
          0,
          -3.1809530258178711,
          2.8500926494598389,
          -4.1475834846496582,
          1
        ]
      },
      {
        "date" : 735815841.81100905,
        "title" : "Untitled",
        "transform" : [
          1,
          0,
          0,
          0,
          0,
          0.86794185638427734,
          -0.49666589498519897,
          0,
          0,
          0.49666589498519897,
          0.86794185638427734,
          0,
          0.0055387024767696857,
          3.1217570304870605,
          5.0693731307983398,
          1
        ]
      },
      {
        "date" : 735815835.43852901,
        "title" : "Untitled",
        "transform" : [
          1,
          0,
          0,
          0,
          0,
          0.86602538824081421,
          -0.5,
          0,
          0,
          0.5,
          0.86602538824081421,
          0,
          0,
          0.14305230975151062,
          0.24777388572692871,
          1
        ]
      }
    ]
  },
  "selectedSceneRelativePath" : "Moon.usda"
}